Ejercicio 1

 int main(){
 
 a=-18240;
 h[40];
 h[2]=11;
 h[11]=2;
 retur h[2] + h[10]-a
 }
 
 %l0->a
 %l1->h espacio en memoria 0 hasta 156.
 
 Convirtiendo a binario y complemento a dos a=-18240
 
 32 31 30 29 28 27 26 25 24 23 22 21 20 19 18 17 16 15 14 13 12 11 10 9 8 7 6 5 4 3 2 1
 0  0  0  0  0  0  0  0  0  0  0  0  0  0  0  0  0  1  0  0  0  1  1  1 0 1 0 0 0 0 0 0=18240
 
 1  1  1  1  1  1  1  1  1  1  1  1  1  1  1  1  1  0  1  1  1  0  0  0 1 0 1 1 1 1 1 1
 ____________________________________________________________________________________ 1 complemento a dos
 1  1  1  1  1  1  1  1  1  1  1  1  1  1  1  1  1  0  1  1  1  0  0  0 1 1 0 0 0 0 0 0 =-18240
 
 1111111111111111101110=4194286  0011000000=192
 
 Código ensamblador
 
 Main
 
 0x0000 SETHI, 4194286, %l0
 0x0004 OR %l0,192,%l2
 0x0008 Mov 0,%l1
 0x000c Mov 11,%l6
 0x0010 Mov 2,%l3
 0x0014 ST %l6,%l1,8
 0x0018 ST %l3,%l1,44 
 0x001c LD [%l1+10],%l4
 0x0020 OR %l4,%l0, %l4
 0x0028 Add %l4 ,%l1,%l4
 0x002c Mov %l4, %o0
 
 SETHI
 OP  RD    OP2      IMM22 Bits
 00 10000  100   1111111111111111101110
 
 OP   RD     OP3    RS1    I     IMM/RS2
 10  10010 000010  10000   1  0000011000000
 10  10001 000010  00000   1  0000000000000
 10  10110 000010  00000   1  0000000001011
 10  10011 000010  00000   1  0000000000010
 11  10001 000100  10010   1  0000000001000
 11  10001 000100  10011   1  0000000101100
 11  10100 001001  10001   1  0000000001010
 10  10100 000010  10100   0  0000000010000
 10  10100 000000  10100   0  0000000010001
 10  01000 000010  00000   0  0000000010100
 
 
 
 Ejercicio 2
 
 int main(){
 
 int a=-19200;
  
 return 0
 
 }
 
 Convirtiendo a binario y complemento a dos a=-19200
 
 32 31 30 29 28 27 26 25 24 23 22 21 20 19 18 17 16 15 14 13 12 11 10 9 8 7 6 5 4 3 2 1
 
 0  0   0  0  0  0  0  0  0  0  0  0  0  0  0  0  0  1  0  0  1  0  1 1 0 0 0 0 0 0 0 0 =19200
 
 1  1   1  1  1  1  1  1  1  1  1  1  1  1  1  1  1  0  1  1  0  1  0 0 1 1 1 1 1 1 1 1
 _____________________________________________________________________________________1 Complemento a dos
 
 1  1   1  1  1  1  1  1  1  1  1  1  1  1  1  1  1  0  1  1  0  1  0 1 0 0 0 0 0 0 0 0=-19200
 
 1111111111111111101101=4'194.285  0100000000=256
 
 Código ensamblador
 
 %l0->a
 
 Main
 0x0000 SETHI 4194285 %L0
 0x0004 OR %L0 ,256, %L1
 0x0008 MOV 0, O0
 
 Código máquina
 
 SETHI
 OP  RD   OP2      IMM22 Bits
 00 10000 100      1111111111111111101101
 
 OP   RD     OP3    RS1    I        IMM/RS2
 10 10001  000010  10000   1     0000100000000
 10 01000  000010  00000   1     0000000000000